%  columns="iteration, evaluation, sigma, axis ratio, bestever, best, median, worst fitness function value, further objective values of best" (startseed=211065, 2021/04/1 1:24:59.65)
1 7 2.665414e-01 1.062689e+00  5.402055000000000000e+06  5.402055000000000000e+06  6.190845500000000000e+06  6.746901000000000000e+06 250.000000
2 13 2.660460e-01 1.232595e+00  2.001018000000000000e+06  2.001018000000000000e+06  6.683692500000000000e+06  8.266515000000000000e+06 250.000000
3 19 2.434681e-01 1.229237e+00  2.001018000000000000e+06  4.909190000000000000e+06  6.420670000000000000e+06  1.337108700000000000e+07 250.000000
4 25 3.251883e-01 1.405282e+00  6.698280000000000000e+05  6.698280000000000000e+05  2.176803500000000000e+06  6.559849000000000000e+06 250.000000
5 31 3.051130e-01 1.319073e+00  6.698280000000000000e+05  5.320021000000000000e+06  6.584086000000000000e+06  1.355675000000000000e+07 250.000000
6 37 2.952052e-01 1.380376e+00  6.698280000000000000e+05  1.468910000000000000e+06  5.252657000000000000e+06  6.685878000000000000e+06 250.000000
7 43 3.515042e-01 1.564712e+00  4.059360000000000000e+05  4.059360000000000000e+05  5.821154500000000000e+06  6.671628000000000000e+06 250.000000
8 49 3.105270e-01 1.536889e+00  4.059360000000000000e+05  4.383800000000000000e+05  1.750774500000000000e+06  6.505676000000000000e+06 250.000000
9 55 3.001671e-01 1.711226e+00  2.368450000000000000e+05  2.368450000000000000e+05  3.130235000000000000e+05  1.081657500000000000e+07 250.000000
10 61 2.196499e-01 1.745655e+00  2.368450000000000000e+05  2.756070000000000000e+05  1.605156500000000000e+06  3.131747000000000000e+06 250.000000
11 67 1.806004e-01 1.792552e+00  2.115910000000000000e+05  2.115910000000000000e+05  1.074263000000000000e+06  3.746421000000000000e+06 250.000000
12 73 1.416609e-01 1.815317e+00  2.115910000000000000e+05  3.821000000000000000e+05  7.445410000000000000e+05  1.908935000000000000e+06 250.000000
13 79 1.318040e-01 2.007349e+00  2.064260000000000000e+05  2.064260000000000000e+05  7.368410000000000000e+05  2.570432000000000000e+06 250.000000
14 85 1.057599e-01 2.118850e+00  1.884640000000000000e+05  1.884640000000000000e+05  4.831215000000000000e+05  1.293570000000000000e+06 250.000000
15 91 8.763454e-02 2.136236e+00  1.884640000000000000e+05  2.436070000000000000e+05  4.029095000000000000e+05  7.520180000000000000e+05 250.000000
16 97 8.120304e-02 1.914554e+00  1.884640000000000000e+05  1.909480000000000000e+05  3.315135000000000000e+05  5.750170000000000000e+05 250.000000
17 103 7.277200e-02 1.993013e+00  1.884640000000000000e+05  2.037550000000000000e+05  2.761345000000000000e+05  4.765360000000000000e+05 250.000000
18 109 6.626624e-02 2.190438e+00  1.881620000000000000e+05  1.881620000000000000e+05  2.172605000000000000e+05  4.370400000000000000e+05 250.000000
19 115 5.350944e-02 2.213693e+00  1.881620000000000000e+05  2.061890000000000000e+05  2.366385000000000000e+05  3.935500000000000000e+05 250.000000
20 121 6.792270e-02 3.010978e+00  1.768060000000000000e+05  1.768060000000000000e+05  1.955395000000000000e+05  2.144870000000000000e+05 250.000000
21 127 5.065779e-02 3.110414e+00  1.768060000000000000e+05  1.988770000000000000e+05  2.198505000000000000e+05  4.985200000000000000e+05 250.000000
22 133 4.544541e-02 3.016422e+00  1.768060000000000000e+05  1.871020000000000000e+05  2.081150000000000000e+05  2.815190000000000000e+05 250.000000
23 139 5.678372e-02 3.578489e+00  1.592180000000000000e+05  1.592180000000000000e+05  1.848765000000000000e+05  2.164580000000000000e+05 250.000000
24 145 6.372941e-02 4.015913e+00  1.496980000000000000e+05  1.496980000000000000e+05  2.144090000000000000e+05  2.333110000000000000e+05 250.000000
25 151 6.062999e-02 4.184914e+00  1.496980000000000000e+05  1.632510000000000000e+05  1.750095000000000000e+05  2.075580000000000000e+05 250.000000
26 157 4.580108e-02 4.104578e+00  1.496980000000000000e+05  1.678400000000000000e+05  1.793395000000000000e+05  2.477220000000000000e+05 250.000000
27 163 4.795243e-02 4.310687e+00  1.496980000000000000e+05  1.515380000000000000e+05  1.769300000000000000e+05  1.865860000000000000e+05 250.000000
28 169 3.977499e-02 4.296771e+00  1.480290000000000000e+05  1.480290000000000000e+05  1.650485000000000000e+05  2.259620000000000000e+05 250.000000
29 175 5.765044e-02 3.420004e+00  1.457980000000000000e+05  1.457980000000000000e+05  1.551360000000000000e+05  1.992480000000000000e+05 250.000000
30 181 6.502140e-02 3.880555e+00  1.457980000000000000e+05  1.641200000000000000e+05  1.824230000000000000e+05  2.512370000000000000e+05 250.000000
31 187 4.989684e-02 4.019335e+00  1.457980000000000000e+05  1.532480000000000000e+05  1.760920000000000000e+05  2.269330000000000000e+05 250.000000
32 193 4.684198e-02 4.482689e+00  1.401360000000000000e+05  1.401360000000000000e+05  1.545205000000000000e+05  1.962200000000000000e+05 250.000000
33 199 4.199843e-02 4.099168e+00  1.401360000000000000e+05  1.445300000000000000e+05  1.614765000000000000e+05  1.777720000000000000e+05 250.000000
34 205 3.852498e-02 4.424735e+00  1.401360000000000000e+05  1.496170000000000000e+05  1.616415000000000000e+05  1.836150000000000000e+05 250.000000
35 211 4.332671e-02 3.764643e+00  1.401360000000000000e+05  1.404020000000000000e+05  1.520190000000000000e+05  1.809130000000000000e+05 250.000000
36 217 4.326016e-02 3.576018e+00  1.353970000000000000e+05  1.353970000000000000e+05  1.576885000000000000e+05  1.782230000000000000e+05 250.000000
37 223 5.623066e-02 3.900804e+00  1.344170000000000000e+05  1.344170000000000000e+05  1.401685000000000000e+05  1.754130000000000000e+05 250.000000
38 229 4.889103e-02 3.966961e+00  1.344170000000000000e+05  1.378770000000000000e+05  1.503635000000000000e+05  1.651520000000000000e+05 250.000000
39 235 4.626721e-02 3.920171e+00  1.300420000000000000e+05  1.300420000000000000e+05  1.413275000000000000e+05  1.973330000000000000e+05 250.000000
40 241 4.790750e-02 3.612639e+00  1.251130000000000000e+05  1.251130000000000000e+05  1.440830000000000000e+05  1.491180000000000000e+05 250.000000
41 247 6.480266e-02 5.357137e+00  1.162860000000000000e+05  1.162860000000000000e+05  1.254850000000000000e+05  1.361680000000000000e+05 250.000000
42 253 8.864081e-02 4.630326e+00  1.096390000000000000e+05  1.096390000000000000e+05  1.215560000000000000e+05  1.462940000000000000e+05 250.000000
43 259 1.352492e-01 4.792412e+00  9.929000000000000000e+04  9.929000000000000000e+04  1.317475000000000000e+05  1.452230000000000000e+05 250.000000
44 265 1.609816e-01 4.126165e+00  9.929000000000000000e+04  1.423200000000000000e+05  2.202115000000000000e+05  3.379700000000000000e+05 250.000000
45 271 1.332667e-01 4.131803e+00  8.338900000000000000e+04  8.338900000000000000e+04  1.337905000000000000e+05  2.840470000000000000e+05 250.000000
46 277 1.632891e-01 5.499427e+00  8.338900000000000000e+04  1.263280000000000000e+05  1.772570000000000000e+05  3.003560000000000000e+05 250.000000
47 283 1.293003e-01 5.548752e+00  8.338900000000000000e+04  8.607700000000000000e+04  1.832995000000000000e+05  7.367100000000000000e+05 250.000000
48 289 1.040189e-01 5.419676e+00  8.338900000000000000e+04  8.573900000000000000e+04  1.248060000000000000e+05  1.771510000000000000e+05 250.000000
49 295 9.199922e-02 5.016479e+00  8.338900000000000000e+04  8.732800000000000000e+04  1.083155000000000000e+05  2.259300000000000000e+05 250.000000
50 301 6.963186e-02 5.148323e+00  8.338900000000000000e+04  8.766900000000000000e+04  1.058465000000000000e+05  1.526590000000000000e+05 250.000000
51 307 5.796892e-02 5.240437e+00  8.338900000000000000e+04  8.536200000000000000e+04  1.008035000000000000e+05  1.067950000000000000e+05 250.000000
52 313 5.142345e-02 5.195701e+00  8.338900000000000000e+04  8.850100000000000000e+04  9.560300000000000000e+04  9.732700000000000000e+04 250.000000
53 319 4.581563e-02 5.987268e+00  8.338900000000000000e+04  8.846000000000000000e+04  9.137800000000000000e+04  9.175000000000000000e+04 250.000000
54 325 4.250399e-02 5.471660e+00  8.071500000000000000e+04  8.071500000000000000e+04  8.596800000000000000e+04  1.004160000000000000e+05 250.000000
55 331 5.111668e-02 6.282506e+00  8.071500000000000000e+04  8.107300000000000000e+04  8.668400000000000000e+04  9.166100000000000000e+04 250.000000
56 337 3.674943e-02 6.403914e+00  8.071500000000000000e+04  8.227500000000000000e+04  8.731650000000000000e+04  9.361800000000000000e+04 250.000000
57 343 3.719489e-02 7.568726e+00  8.071500000000000000e+04  8.206200000000000000e+04  8.381400000000000000e+04  8.928900000000000000e+04 250.000000
58 349 4.522487e-02 8.586131e+00  8.071500000000000000e+04  8.211600000000000000e+04  8.370500000000000000e+04  9.278500000000000000e+04 250.000000
59 355 5.871121e-02 9.489313e+00  7.904100000000000000e+04  7.904100000000000000e+04  8.271050000000000000e+04  9.047800000000000000e+04 250.000000
60 361 6.771836e-02 1.004266e+01  7.569000000000000000e+04  7.569000000000000000e+04  8.310700000000000000e+04  9.038400000000000000e+04 250.000000
61 367 8.418069e-02 1.036728e+01  7.569000000000000000e+04  7.611000000000000000e+04  8.225050000000000000e+04  9.385100000000000000e+04 250.000000
62 373 7.819766e-02 1.097635e+01  7.569000000000000000e+04  7.663100000000000000e+04  8.232600000000000000e+04  8.549300000000000000e+04 250.000000
63 379 6.631759e-02 1.069722e+01  7.569000000000000000e+04  7.680200000000000000e+04  8.784650000000000000e+04  1.075820000000000000e+05 250.000000
64 385 5.097701e-02 1.089228e+01  7.569000000000000000e+04  7.759700000000000000e+04  7.958450000000000000e+04  9.030200000000000000e+04 250.000000
65 391 5.245851e-02 9.423565e+00  7.545900000000000000e+04  7.545900000000000000e+04  8.216050000000000000e+04  8.742200000000000000e+04 250.000000
66 397 3.836951e-02 9.390158e+00  7.545900000000000000e+04  7.816600000000000000e+04  8.217750000000000000e+04  8.321800000000000000e+04 250.000000
67 403 3.132721e-02 1.021151e+01  7.545900000000000000e+04  7.698600000000000000e+04  8.109800000000000000e+04  8.335100000000000000e+04 250.000000
68 409 3.891322e-02 7.180637e+00  7.545900000000000000e+04  8.026200000000000000e+04  8.436850000000000000e+04  8.669300000000000000e+04 250.000000
69 415 5.321528e-02 8.461810e+00  7.545900000000000000e+04  7.908300000000000000e+04  8.334700000000000000e+04  8.622600000000000000e+04 250.000000
70 421 4.450152e-02 8.268989e+00  7.545900000000000000e+04  7.862700000000000000e+04  8.110500000000000000e+04  8.513500000000000000e+04 250.000000
71 427 3.366641e-02 8.107816e+00  7.545900000000000000e+04  8.133000000000000000e+04  8.523900000000000000e+04  8.572200000000000000e+04 250.000000
72 433 3.716245e-02 6.309587e+00  7.545900000000000000e+04  8.015400000000000000e+04  8.120950000000000000e+04  8.262000000000000000e+04 250.000000
73 439 4.363305e-02 7.508349e+00  7.545900000000000000e+04  7.664200000000000000e+04  7.952950000000000000e+04  8.820900000000000000e+04 250.000000
74 445 4.911985e-02 7.983735e+00  7.470500000000000000e+04  7.470500000000000000e+04  7.944600000000000000e+04  8.255700000000000000e+04 250.000000
75 451 3.982000e-02 7.955250e+00  7.470500000000000000e+04  7.974300000000000000e+04  8.259100000000000000e+04  8.499100000000000000e+04 250.000000
76 457 3.980802e-02 6.568764e+00  7.470500000000000000e+04  7.725100000000000000e+04  7.951850000000000000e+04  8.108900000000000000e+04 250.000000
77 463 4.571152e-02 8.705589e+00  7.470500000000000000e+04  7.541000000000000000e+04  8.157950000000000000e+04  8.386800000000000000e+04 250.000000
78 469 3.904201e-02 8.557649e+00  7.470500000000000000e+04  8.040800000000000000e+04  8.188000000000000000e+04  8.436100000000000000e+04 250.000000
79 475 2.751574e-02 8.600180e+00  7.470500000000000000e+04  7.482700000000000000e+04  7.799100000000000000e+04  8.225300000000000000e+04 250.000000
80 481 3.261556e-02 6.371981e+00  7.470500000000000000e+04  7.811800000000000000e+04  8.091250000000000000e+04  8.402200000000000000e+04 250.000000
81 487 3.023778e-02 6.873143e+00  7.470500000000000000e+04  7.956800000000000000e+04  8.183400000000000000e+04  8.461900000000000000e+04 250.000000
82 493 3.392907e-02 5.381541e+00  7.470500000000000000e+04  7.781600000000000000e+04  8.023900000000000000e+04  8.446000000000000000e+04 250.000000
83 499 3.702251e-02 4.439788e+00  7.470500000000000000e+04  7.796500000000000000e+04  8.078400000000000000e+04  8.318500000000000000e+04 250.000000
84 505 3.258947e-02 4.351034e+00  7.470500000000000000e+04  7.796300000000000000e+04  8.064950000000000000e+04  8.564900000000000000e+04 250.000000
85 511 4.123791e-02 3.339138e+00  7.470500000000000000e+04  7.718400000000000000e+04  7.891650000000000000e+04  8.214800000000000000e+04 250.000000
86 517 3.347219e-02 3.387332e+00  7.470500000000000000e+04  7.680000000000000000e+04  8.155700000000000000e+04  8.586300000000000000e+04 250.000000
87 523 2.744463e-02 3.190525e+00  7.470500000000000000e+04  8.134800000000000000e+04  8.300050000000000000e+04  8.783400000000000000e+04 250.000000
88 529 2.726165e-02 3.694386e+00  7.470500000000000000e+04  7.794100000000000000e+04  7.962700000000000000e+04  8.113800000000000000e+04 250.000000
89 535 3.098503e-02 4.586759e+00  7.470500000000000000e+04  7.694700000000000000e+04  8.066350000000000000e+04  8.461000000000000000e+04 250.000000
90 541 3.208273e-02 4.922456e+00  7.470500000000000000e+04  7.767200000000000000e+04  8.096050000000000000e+04  8.375800000000000000e+04 250.000000
91 547 3.024481e-02 4.380296e+00  7.470500000000000000e+04  7.804600000000000000e+04  8.065500000000000000e+04  8.547700000000000000e+04 250.000000
92 553 2.822221e-02 4.743189e+00  7.470500000000000000e+04  7.909800000000000000e+04  8.212000000000000000e+04  8.860900000000000000e+04 250.000000
93 559 2.350271e-02 4.476315e+00  7.470500000000000000e+04  7.941900000000000000e+04  8.315100000000000000e+04  8.729300000000000000e+04 250.000000
94 565 2.299681e-02 4.398783e+00  7.470500000000000000e+04  7.535200000000000000e+04  8.027350000000000000e+04  8.610900000000000000e+04 250.000000
95 571 2.597002e-02 3.490244e+00  7.470500000000000000e+04  7.785700000000000000e+04  7.996000000000000000e+04  8.566300000000000000e+04 250.000000
96 577 2.724559e-02 3.954301e+00  7.470500000000000000e+04  7.875700000000000000e+04  8.065850000000000000e+04  8.328500000000000000e+04 250.000000
97 583 2.316680e-02 3.781992e+00  7.470500000000000000e+04  7.653500000000000000e+04  8.183950000000000000e+04  8.407200000000000000e+04 250.000000
98 589 2.274248e-02 4.772969e+00  7.470500000000000000e+04  7.657700000000000000e+04  8.032100000000000000e+04  8.321100000000000000e+04 250.000000
99 595 2.006631e-02 4.425530e+00  7.470500000000000000e+04  7.895200000000000000e+04  8.033850000000000000e+04  8.228200000000000000e+04 250.000000
100 601 1.885753e-02 4.099958e+00  7.470500000000000000e+04  7.790000000000000000e+04  8.081100000000000000e+04  8.344800000000000000e+04 250.000000
101 607 1.804738e-02 3.812109e+00  7.470500000000000000e+04  7.769400000000000000e+04  8.204650000000000000e+04  8.368100000000000000e+04 250.000000
102 613 1.600933e-02 3.578116e+00  7.470500000000000000e+04  7.796000000000000000e+04  8.188400000000000000e+04  9.079000000000000000e+04 250.000000
103 619 1.565511e-02 4.112417e+00  7.289600000000000000e+04  7.289600000000000000e+04  8.106250000000000000e+04  8.699000000000000000e+04 250.000000
104 625 1.745296e-02 4.288770e+00  7.289600000000000000e+04  7.622800000000000000e+04  8.158850000000000000e+04  8.763500000000000000e+04 250.000000
105 631 1.513212e-02 4.492653e+00  7.289600000000000000e+04  7.831800000000000000e+04  8.044550000000000000e+04  8.288700000000000000e+04 250.000000
106 637 1.433527e-02 4.368349e+00  7.289600000000000000e+04  7.695000000000000000e+04  8.264700000000000000e+04  8.501900000000000000e+04 250.000000
107 643 1.237978e-02 4.176860e+00  7.289600000000000000e+04  7.506700000000000000e+04  7.914200000000000000e+04  8.472800000000000000e+04 250.000000
108 649 1.100965e-02 3.947461e+00  7.289600000000000000e+04  7.631400000000000000e+04  7.807400000000000000e+04  8.241400000000000000e+04 250.000000
109 655 1.280085e-02 3.576785e+00  7.289600000000000000e+04  7.783500000000000000e+04  8.289500000000000000e+04  8.904300000000000000e+04 250.000000
110 661 1.515299e-02 3.741248e+00  7.289600000000000000e+04  7.773800000000000000e+04  8.009100000000000000e+04  8.623600000000000000e+04 250.000000
111 667 1.527085e-02 3.218844e+00  7.289600000000000000e+04  7.754400000000000000e+04  8.167000000000000000e+04  8.593900000000000000e+04 250.000000
112 673 1.238166e-02 3.255211e+00  7.289600000000000000e+04  7.493200000000000000e+04  8.012000000000000000e+04  8.179200000000000000e+04 250.000000
113 679 1.696447e-02 2.352328e+00  7.289600000000000000e+04  7.825400000000000000e+04  8.248500000000000000e+04  8.670100000000000000e+04 250.000000
114 685 1.715354e-02 2.530032e+00  7.289600000000000000e+04  7.525100000000000000e+04  8.161300000000000000e+04  8.523900000000000000e+04 250.000000
115 691 1.769726e-02 2.196857e+00  7.289600000000000000e+04  7.646200000000000000e+04  8.024300000000000000e+04  8.238800000000000000e+04 250.000000
116 697 1.762810e-02 1.890843e+00  7.289600000000000000e+04  7.949900000000000000e+04  8.377650000000000000e+04  8.533800000000000000e+04 250.000000
117 703 2.318336e-02 1.494053e+00  7.289600000000000000e+04  7.797300000000000000e+04  8.058500000000000000e+04  8.294500000000000000e+04 250.000000
118 709 4.281311e-02 1.327403e+00  7.289600000000000000e+04  8.014100000000000000e+04  8.116950000000000000e+04  8.529100000000000000e+04 250.000000
119 715 4.208343e-02 1.459846e+00  7.289600000000000000e+04  8.084200000000000000e+04  8.270250000000000000e+04  8.657500000000000000e+04 250.000000
120 721 3.323488e-02 1.429718e+00  7.289600000000000000e+04  8.087300000000000000e+04  8.451300000000000000e+04  8.822000000000000000e+04 250.000000
121 727 3.387370e-02 1.626463e+00  7.289600000000000000e+04  7.758800000000000000e+04  8.000950000000000000e+04  8.525100000000000000e+04 250.000000
122 733 3.320317e-02 1.642991e+00  7.289600000000000000e+04  7.787500000000000000e+04  8.067450000000000000e+04  8.402100000000000000e+04 250.000000
123 739 3.806829e-02 1.361952e+00  7.289600000000000000e+04  7.894800000000000000e+04  8.093850000000000000e+04  9.024800000000000000e+04 250.000000
124 745 4.887542e-02 1.577544e+00  7.289600000000000000e+04  7.881300000000000000e+04  8.295450000000000000e+04  8.540700000000000000e+04 250.000000
125 751 5.763718e-02 1.246890e+00  7.289600000000000000e+04  7.969500000000000000e+04  8.241650000000000000e+04  8.726000000000000000e+04 250.000000
126 757 6.761212e-02 1.604872e+00  7.289600000000000000e+04  7.929600000000000000e+04  8.311550000000000000e+04  8.845800000000000000e+04 250.000000
127 763 5.380116e-02 1.605554e+00  7.289600000000000000e+04  7.935300000000000000e+04  8.212250000000000000e+04  8.901900000000000000e+04 250.000000
128 769 4.379980e-02 1.578387e+00  7.289600000000000000e+04  7.695800000000000000e+04  8.232450000000000000e+04  8.711100000000000000e+04 250.000000
129 775 3.831034e-02 1.587224e+00  7.289600000000000000e+04  7.823300000000000000e+04  8.111550000000000000e+04  8.391600000000000000e+04 250.000000
130 781 3.194329e-02 1.665173e+00  7.289600000000000000e+04  7.528200000000000000e+04  8.102750000000000000e+04  9.114800000000000000e+04 250.000000
131 787 3.485992e-02 2.010876e+00  7.289600000000000000e+04  8.116300000000000000e+04  8.261800000000000000e+04  8.698800000000000000e+04 250.000000
132 793 4.010624e-02 2.478739e+00  7.289600000000000000e+04  7.590100000000000000e+04  8.000150000000000000e+04  8.145800000000000000e+04 250.000000
133 799 3.791248e-02 2.292322e+00  7.289600000000000000e+04  7.553700000000000000e+04  8.245100000000000000e+04  8.676100000000000000e+04 250.000000
134 805 3.398279e-02 2.519497e+00  7.289600000000000000e+04  7.883100000000000000e+04  8.102150000000000000e+04  8.507500000000000000e+04 250.000000
135 811 3.425486e-02 2.489678e+00  7.289600000000000000e+04  7.545900000000000000e+04  7.798950000000000000e+04  8.269400000000000000e+04 250.000000
136 817 3.454943e-02 2.374794e+00  7.289600000000000000e+04  7.844600000000000000e+04  8.091750000000000000e+04  8.428000000000000000e+04 250.000000
137 823 5.889731e-02 2.521958e+00  7.289600000000000000e+04  7.827100000000000000e+04  8.071700000000000000e+04  8.236600000000000000e+04 250.000000
138 829 9.463490e-02 2.276146e+00  7.289600000000000000e+04  7.734900000000000000e+04  7.942050000000000000e+04  8.746000000000000000e+04 250.000000
139 835 1.079553e-01 1.961143e+00  7.289600000000000000e+04  7.902100000000000000e+04  8.105750000000000000e+04  8.841300000000000000e+04 250.000000
140 841 7.829318e-02 1.950343e+00  7.289600000000000000e+04  8.008200000000000000e+04  8.163300000000000000e+04  8.514100000000000000e+04 250.000000
141 847 8.245618e-02 2.184141e+00  7.289600000000000000e+04  7.994500000000000000e+04  8.158000000000000000e+04  8.920600000000000000e+04 250.000000
142 853 1.024776e-01 2.891940e+00  7.289600000000000000e+04  7.575300000000000000e+04  7.898500000000000000e+04  8.471700000000000000e+04 250.000000
143 859 8.248672e-02 2.915734e+00  7.289600000000000000e+04  7.685000000000000000e+04  8.026700000000000000e+04  8.549900000000000000e+04 250.000000
144 865 9.722022e-02 2.376475e+00  7.289600000000000000e+04  7.868100000000000000e+04  8.304750000000000000e+04  8.545100000000000000e+04 250.000000
145 871 1.191070e-01 1.885937e+00  7.289600000000000000e+04  8.043900000000000000e+04  8.274700000000000000e+04  8.612500000000000000e+04 250.000000
146 877 1.343652e-01 1.701754e+00  7.289600000000000000e+04  8.094400000000000000e+04  8.402500000000000000e+04  8.677500000000000000e+04 250.000000
147 883 1.192159e-01 1.786214e+00  7.289600000000000000e+04  7.576100000000000000e+04  8.307750000000000000e+04  8.646200000000000000e+04 250.000000
148 889 1.629538e-01 2.282674e+00  7.289600000000000000e+04  7.878200000000000000e+04  8.136850000000000000e+04  8.940700000000000000e+04 250.000000
149 895 1.708137e-01 2.793822e+00  7.289600000000000000e+04  7.897400000000000000e+04  8.239600000000000000e+04  9.211800000000000000e+04 250.000000
150 901 1.519605e-01 2.740594e+00  7.289600000000000000e+04  7.764900000000000000e+04  8.344100000000000000e+04  9.050400000000000000e+04 250.000000
151 907 1.352486e-01 2.649314e+00  7.289600000000000000e+04  8.069300000000000000e+04  8.286250000000000000e+04  8.440500000000000000e+04 250.000000
152 913 1.304380e-01 2.446519e+00  7.289600000000000000e+04  7.835500000000000000e+04  8.061750000000000000e+04  8.180500000000000000e+04 250.000000
153 919 1.229118e-01 2.487423e+00  7.289600000000000000e+04  7.344500000000000000e+04  8.044850000000000000e+04  8.335100000000000000e+04 250.000000
154 925 1.144761e-01 2.289676e+00  7.289600000000000000e+04  7.850100000000000000e+04  8.042650000000000000e+04  8.403200000000000000e+04 250.000000
155 931 1.352251e-01 1.686317e+00  7.289600000000000000e+04  7.793600000000000000e+04  8.254100000000000000e+04  8.580900000000000000e+04 250.000000
156 937 1.295312e-01 1.599422e+00  7.289600000000000000e+04  7.674600000000000000e+04  8.112300000000000000e+04  8.355000000000000000e+04 250.000000
157 943 1.180686e-01 1.815958e+00  7.289600000000000000e+04  7.586200000000000000e+04  8.326700000000000000e+04  8.379700000000000000e+04 250.000000
158 949 1.588864e-01 1.526386e+00  7.289600000000000000e+04  8.127100000000000000e+04  8.277250000000000000e+04  8.584100000000000000e+04 250.000000
159 955 1.634831e-01 1.711923e+00  7.289600000000000000e+04  7.537800000000000000e+04  8.211550000000000000e+04  8.975100000000000000e+04 250.000000
160 961 1.245483e-01 1.733828e+00  7.289600000000000000e+04  7.618500000000000000e+04  8.522050000000000000e+04  8.831400000000000000e+04 250.000000
161 967 1.055328e-01 1.871850e+00  7.289600000000000000e+04  7.747100000000000000e+04  8.360850000000000000e+04  8.945400000000000000e+04 250.000000
162 973 1.217493e-01 2.331192e+00  7.289600000000000000e+04  7.773100000000000000e+04  7.954200000000000000e+04  8.524400000000000000e+04 250.000000
163 979 1.265682e-01 2.708897e+00  7.289600000000000000e+04  7.964100000000000000e+04  8.179700000000000000e+04  8.694900000000000000e+04 250.000000
164 985 1.514575e-01 3.127873e+00  7.289600000000000000e+04  7.912800000000000000e+04  8.143600000000000000e+04  8.329500000000000000e+04 250.000000
165 991 1.433183e-01 3.300014e+00  7.289600000000000000e+04  7.858200000000000000e+04  8.275800000000000000e+04  8.918500000000000000e+04 250.000000
166 997 1.341652e-01 3.240003e+00  7.289600000000000000e+04  7.738800000000000000e+04  8.631750000000000000e+04  9.068700000000000000e+04 250.000000
167 1003 1.415192e-01 2.746955e+00  7.289600000000000000e+04  7.875500000000000000e+04  8.324150000000000000e+04  8.641700000000000000e+04 250.000000
168 1009 1.689870e-01 3.311633e+00  7.289600000000000000e+04  7.392000000000000000e+04  8.110000000000000000e+04  8.367900000000000000e+04 250.000000
169 1015 1.423903e-01 3.123966e+00  7.289600000000000000e+04  7.762600000000000000e+04  8.106150000000000000e+04  8.701700000000000000e+04 250.000000
170 1021 2.036716e-01 2.714286e+00  7.289600000000000000e+04  7.668400000000000000e+04  7.897650000000000000e+04  8.332000000000000000e+04 250.000000
171 1027 1.585509e-01 2.737793e+00  7.289600000000000000e+04  7.986800000000000000e+04  8.270300000000000000e+04  8.418500000000000000e+04 250.000000
172 1033 1.558356e-01 3.230344e+00  7.289600000000000000e+04  7.914200000000000000e+04  8.194600000000000000e+04  8.526300000000000000e+04 250.000000
173 1039 1.503172e-01 3.632535e+00  7.289600000000000000e+04  7.768200000000000000e+04  8.234250000000000000e+04  8.702400000000000000e+04 250.000000
174 1045 1.401515e-01 3.246812e+00  7.289600000000000000e+04  7.867100000000000000e+04  8.175650000000000000e+04  8.638000000000000000e+04 250.000000
175 1051 1.188137e-01 3.092349e+00  7.289600000000000000e+04  7.645000000000000000e+04  7.986400000000000000e+04  8.677800000000000000e+04 250.000000
176 1057 9.417952e-02 3.113324e+00  7.289600000000000000e+04  7.805800000000000000e+04  8.217050000000000000e+04  8.568600000000000000e+04 250.000000
177 1063 6.655644e-02 3.113061e+00  7.289600000000000000e+04  7.732100000000000000e+04  8.086850000000000000e+04  8.508600000000000000e+04 250.000000
178 1069 4.841743e-02 3.127802e+00  7.289600000000000000e+04  7.648100000000000000e+04  7.914650000000000000e+04  8.315400000000000000e+04 250.000000
179 1075 5.479090e-02 2.364086e+00  7.289600000000000000e+04  7.767300000000000000e+04  8.156800000000000000e+04  8.321700000000000000e+04 250.000000
180 1081 5.995961e-02 2.859475e+00  7.289600000000000000e+04  7.744700000000000000e+04  8.278050000000000000e+04  8.567700000000000000e+04 250.000000
181 1087 6.632602e-02 2.399290e+00  7.289600000000000000e+04  7.836400000000000000e+04  7.996300000000000000e+04  9.005100000000000000e+04 250.000000
182 1093 6.251789e-02 2.641541e+00  7.289600000000000000e+04  7.782800000000000000e+04  7.976350000000000000e+04  8.227400000000000000e+04 250.000000
183 1099 5.580522e-02 2.797069e+00  7.289600000000000000e+04  7.579200000000000000e+04  7.997350000000000000e+04  8.487300000000000000e+04 250.000000
184 1105 4.613242e-02 2.774710e+00  7.289600000000000000e+04  7.866700000000000000e+04  8.102800000000000000e+04  8.174900000000000000e+04 250.000000
185 1111 4.075810e-02 2.906484e+00  7.289600000000000000e+04  7.853700000000000000e+04  8.129850000000000000e+04  8.558500000000000000e+04 250.000000
186 1117 3.514335e-02 2.795927e+00  7.289600000000000000e+04  7.986500000000000000e+04  8.141800000000000000e+04  8.229000000000000000e+04 250.000000
187 1123 3.503478e-02 3.293278e+00  7.289600000000000000e+04  7.717700000000000000e+04  7.967950000000000000e+04  8.154500000000000000e+04 250.000000
188 1129 5.884615e-02 3.557044e+00  7.289600000000000000e+04  7.483600000000000000e+04  8.191500000000000000e+04  8.538800000000000000e+04 250.000000
189 1135 5.840114e-02 3.602913e+00  7.289600000000000000e+04  7.484000000000000000e+04  8.013750000000000000e+04  8.743800000000000000e+04 250.000000
190 1141 6.752941e-02 4.939302e+00  7.289600000000000000e+04  7.715200000000000000e+04  7.940750000000000000e+04  8.460000000000000000e+04 250.000000
191 1147 7.552716e-02 5.467433e+00  7.289600000000000000e+04  7.845100000000000000e+04  7.967250000000000000e+04  8.347100000000000000e+04 250.000000
192 1153 6.532159e-02 5.966558e+00  7.289600000000000000e+04  7.813500000000000000e+04  8.137200000000000000e+04  8.511400000000000000e+04 250.000000
193 1159 7.102909e-02 7.266960e+00  7.289600000000000000e+04  7.707700000000000000e+04  8.088250000000000000e+04  8.308000000000000000e+04 250.000000
194 1165 7.258958e-02 6.410427e+00  7.289600000000000000e+04  7.530900000000000000e+04  8.013650000000000000e+04  8.373900000000000000e+04 250.000000
195 1171 7.133541e-02 5.938470e+00  7.289600000000000000e+04  7.845000000000000000e+04  8.097150000000000000e+04  8.293500000000000000e+04 250.000000
196 1177 9.174118e-02 8.486560e+00  7.289600000000000000e+04  7.488700000000000000e+04  8.043700000000000000e+04  8.314400000000000000e+04 250.000000
197 1183 9.398425e-02 7.583229e+00  7.289600000000000000e+04  8.036000000000000000e+04  8.170350000000000000e+04  8.529600000000000000e+04 250.000000
198 1189 9.895179e-02 6.416668e+00  7.289600000000000000e+04  7.850000000000000000e+04  8.254350000000000000e+04  8.519100000000000000e+04 250.000000
199 1195 9.410446e-02 6.642945e+00  7.289600000000000000e+04  7.814100000000000000e+04  8.311850000000000000e+04  8.599700000000000000e+04 250.000000
200 1201 9.938640e-02 7.951075e+00  7.289600000000000000e+04  8.050000000000000000e+04  8.152150000000000000e+04  8.244700000000000000e+04 250.000000
201 1207 1.213328e-01 9.696101e+00  7.289600000000000000e+04  7.907500000000000000e+04  8.336800000000000000e+04  8.679600000000000000e+04 250.000000
202 1213 1.535837e-01 1.155045e+01  7.289600000000000000e+04  7.839800000000000000e+04  8.155350000000000000e+04  8.618000000000000000e+04 250.000000
203 1219 2.064634e-01 8.072147e+00  7.289600000000000000e+04  7.814700000000000000e+04  8.086350000000000000e+04  8.418500000000000000e+04 250.000000
