%  columns="iteration, evaluation, sigma, max axis length, min axis length, all principal axes lengths (sorted square roots of eigenvalues of C)" (startseed=211065, 2021/04/1 1:24:59.65)
1 7 2.665414e-01 9.665894e-01 9.095695e-01 9.095695e-01 9.665894e-01 
2 13 2.660460e-01 1.001856e+00 8.128026e-01 8.128026e-01 1.001856e+00 
3 19 2.434681e-01 9.458415e-01 7.694544e-01 7.694544e-01 9.458415e-01 
4 25 3.251883e-01 1.117913e+00 7.955077e-01 7.955077e-01 1.117913e+00 
5 31 3.051130e-01 1.006098e+00 7.627307e-01 7.627307e-01 1.006098e+00 
6 37 2.952052e-01 9.637126e-01 6.981523e-01 6.981523e-01 9.637126e-01 
7 43 3.515042e-01 1.043880e+00 6.671392e-01 6.671392e-01 1.043880e+00 
8 49 3.105270e-01 9.631933e-01 6.267161e-01 6.267161e-01 9.631933e-01 
9 55 3.001671e-01 9.606371e-01 5.613737e-01 5.613737e-01 9.606371e-01 
10 61 2.196499e-01 8.754659e-01 5.015114e-01 5.015114e-01 8.754659e-01 
11 67 1.806004e-01 8.024117e-01 4.476365e-01 4.476365e-01 8.024117e-01 
12 73 1.416609e-01 7.370118e-01 4.059962e-01 4.059962e-01 7.370118e-01 
13 79 1.318040e-01 7.324002e-01 3.648594e-01 3.648594e-01 7.324002e-01 
14 85 1.057599e-01 6.924578e-01 3.268082e-01 3.268082e-01 6.924578e-01 
15 91 8.763454e-02 6.372220e-01 2.982920e-01 2.982920e-01 6.372220e-01 
16 97 8.120304e-02 5.726217e-01 2.990887e-01 2.990887e-01 5.726217e-01 
17 103 7.277200e-02 5.453138e-01 2.736128e-01 2.736128e-01 5.453138e-01 
18 109 6.626624e-02 5.386916e-01 2.459287e-01 2.459287e-01 5.386916e-01 
19 115 5.350944e-02 4.956909e-01 2.239203e-01 2.239203e-01 4.956909e-01 
20 121 6.792270e-02 6.213482e-01 2.063609e-01 2.063609e-01 6.213482e-01 
21 127 5.065779e-02 5.775552e-01 1.856844e-01 1.856844e-01 5.775552e-01 
22 133 4.544541e-02 5.284395e-01 1.751875e-01 1.751875e-01 5.284395e-01 
23 139 5.678372e-02 6.089686e-01 1.701748e-01 1.701748e-01 6.089686e-01 
24 145 6.372941e-02 6.422940e-01 1.599372e-01 1.599372e-01 6.422940e-01 
25 151 6.062999e-02 6.034231e-01 1.441901e-01 1.441901e-01 6.034231e-01 
26 157 4.580108e-02 5.405277e-01 1.316890e-01 1.316890e-01 5.405277e-01 
27 163 4.795243e-02 5.460277e-01 1.266684e-01 1.266684e-01 5.460277e-01 
28 169 3.977499e-02 4.943446e-01 1.150503e-01 1.150503e-01 4.943446e-01 
29 175 5.765044e-02 4.959175e-01 1.450049e-01 1.450049e-01 4.959175e-01 
30 181 6.502140e-02 5.307043e-01 1.367599e-01 1.367599e-01 5.307043e-01 
31 187 4.989684e-02 4.918996e-01 1.223833e-01 1.223833e-01 4.918996e-01 
32 193 4.684198e-02 4.909507e-01 1.095215e-01 1.095215e-01 4.909507e-01 
33 199 4.199843e-02 4.373761e-01 1.066988e-01 1.066988e-01 4.373761e-01 
34 205 3.852498e-02 4.237084e-01 9.575903e-02 9.575903e-02 4.237084e-01 
35 211 4.332671e-02 3.971308e-01 1.054896e-01 1.054896e-01 3.971308e-01 
36 217 4.326016e-02 3.661029e-01 1.023773e-01 1.023773e-01 3.661029e-01 
37 223 5.623066e-02 4.040055e-01 1.035698e-01 1.035698e-01 4.040055e-01 
38 229 4.889103e-02 3.695332e-01 9.315270e-02 9.315270e-02 3.695332e-01 
39 235 4.626721e-02 3.455964e-01 8.815850e-02 8.815850e-02 3.455964e-01 
40 241 4.790750e-02 3.239269e-01 8.966488e-02 8.966488e-02 3.239269e-01 
41 247 6.480266e-02 4.303757e-01 8.033689e-02 8.033689e-02 4.303757e-01 
42 253 8.864081e-02 4.316406e-01 9.322035e-02 9.322035e-02 4.316406e-01 
43 259 1.352492e-01 4.408354e-01 9.198614e-02 9.198614e-02 4.408354e-01 
44 265 1.609816e-01 3.982051e-01 9.650731e-02 9.650731e-02 3.982051e-01 
45 271 1.332667e-01 3.642334e-01 8.815362e-02 8.815362e-02 3.642334e-01 
46 277 1.632891e-01 4.356706e-01 7.922109e-02 7.922109e-02 4.356706e-01 
47 283 1.293003e-01 3.902337e-01 7.032820e-02 7.032820e-02 3.902337e-01 
48 289 1.040189e-01 3.475075e-01 6.411961e-02 6.411961e-02 3.475075e-01 
49 295 9.199922e-02 3.112727e-01 6.205004e-02 6.205004e-02 3.112727e-01 
50 301 6.963186e-02 2.851218e-01 5.538148e-02 5.538148e-02 2.851218e-01 
51 307 5.796892e-02 2.657929e-01 5.071961e-02 5.071961e-02 2.657929e-01 
52 313 5.142345e-02 2.476496e-01 4.766433e-02 4.766433e-02 2.476496e-01 
53 319 4.581563e-02 2.561856e-01 4.278840e-02 4.278840e-02 2.561856e-01 
54 325 4.250399e-02 2.323764e-01 4.246908e-02 4.246908e-02 2.323764e-01 
55 331 5.111668e-02 2.579699e-01 4.106162e-02 4.106162e-02 2.579699e-01 
56 337 3.674943e-02 2.357423e-01 3.681221e-02 3.681221e-02 2.357423e-01 
57 343 3.719489e-02 2.488193e-01 3.287466e-02 3.287466e-02 2.488193e-01 
58 349 4.522487e-02 2.732241e-01 3.182156e-02 3.182156e-02 2.732241e-01 
59 355 5.871121e-02 3.020485e-01 3.183038e-02 3.183038e-02 3.020485e-01 
60 361 6.771836e-02 3.115795e-01 3.102561e-02 3.102561e-02 3.115795e-01 
61 367 8.418069e-02 3.214825e-01 3.100933e-02 3.100933e-02 3.214825e-01 
62 373 7.819766e-02 3.050129e-01 2.778820e-02 2.778820e-02 3.050129e-01 
63 379 6.631759e-02 2.763147e-01 2.583052e-02 2.583052e-02 2.763147e-01 
64 385 5.097701e-02 2.517418e-01 2.311195e-02 2.311195e-02 2.517418e-01 
65 391 5.245851e-02 2.288135e-01 2.428099e-02 2.428099e-02 2.288135e-01 
66 397 3.836951e-02 2.047580e-01 2.180559e-02 2.180559e-02 2.047580e-01 
67 403 3.132721e-02 1.978003e-01 1.937033e-02 1.937033e-02 1.978003e-01 
68 409 3.891322e-02 1.817710e-01 2.531405e-02 2.531405e-02 1.817710e-01 
69 415 5.321528e-02 2.142947e-01 2.532492e-02 2.532492e-02 2.142947e-01 
70 421 4.450152e-02 1.990477e-01 2.407158e-02 2.407158e-02 1.990477e-01 
71 427 3.366641e-02 1.803134e-01 2.223946e-02 2.223946e-02 1.803134e-01 
72 433 3.716245e-02 1.621404e-01 2.569747e-02 2.569747e-02 1.621404e-01 
73 439 4.363305e-02 1.826981e-01 2.433266e-02 2.433266e-02 1.826981e-01 
74 445 4.911985e-02 1.866302e-01 2.337630e-02 2.337630e-02 1.866302e-01 
75 451 3.982000e-02 1.693788e-01 2.129144e-02 2.129144e-02 1.693788e-01 
76 457 3.980802e-02 1.505095e-01 2.291291e-02 2.291291e-02 1.505095e-01 
77 463 4.571152e-02 1.787789e-01 2.053610e-02 2.053610e-02 1.787789e-01 
78 469 3.904201e-02 1.624887e-01 1.898754e-02 1.898754e-02 1.624887e-01 
79 475 2.751574e-02 1.453953e-01 1.690608e-02 1.690608e-02 1.453953e-01 
80 481 3.261556e-02 1.298162e-01 2.037298e-02 2.037298e-02 1.298162e-01 
81 487 3.023778e-02 1.279150e-01 1.861085e-02 1.861085e-02 1.279150e-01 
82 493 3.392907e-02 1.184282e-01 2.200638e-02 2.200638e-02 1.184282e-01 
83 499 3.702251e-02 1.067063e-01 2.403410e-02 2.403410e-02 1.067063e-01 
84 505 3.258947e-02 1.004361e-01 2.308328e-02 2.308328e-02 1.004361e-01 
85 511 4.123791e-02 9.388934e-02 2.811783e-02 2.811783e-02 9.388934e-02 
86 517 3.347219e-02 8.830039e-02 2.606782e-02 2.606782e-02 8.830039e-02 
87 523 2.744463e-02 7.948968e-02 2.491429e-02 2.491429e-02 7.948968e-02 
88 529 2.726165e-02 8.354220e-02 2.261329e-02 2.261329e-02 8.354220e-02 
89 535 3.098503e-02 9.384267e-02 2.045947e-02 2.045947e-02 9.384267e-02 
90 541 3.208273e-02 9.377929e-02 1.905132e-02 1.905132e-02 9.377929e-02 
91 547 3.024481e-02 8.376541e-02 1.912323e-02 1.912323e-02 8.376541e-02 
92 553 2.822221e-02 8.280163e-02 1.745695e-02 1.745695e-02 8.280163e-02 
93 559 2.350271e-02 7.414438e-02 1.656371e-02 1.656371e-02 7.414438e-02 
94 565 2.299681e-02 7.094316e-02 1.612791e-02 1.612791e-02 7.094316e-02 
95 571 2.597002e-02 6.384469e-02 1.829233e-02 1.829233e-02 6.384469e-02 
96 577 2.724559e-02 6.677329e-02 1.688624e-02 1.688624e-02 6.677329e-02 
97 583 2.316680e-02 6.037649e-02 1.596421e-02 1.596421e-02 6.037649e-02 
98 589 2.274248e-02 6.843082e-02 1.433716e-02 1.433716e-02 6.843082e-02 
99 595 2.006631e-02 6.120061e-02 1.382899e-02 1.382899e-02 6.120061e-02 
100 601 1.885753e-02 5.522273e-02 1.346910e-02 1.346910e-02 5.522273e-02 
101 607 1.804738e-02 5.140282e-02 1.348409e-02 1.348409e-02 5.140282e-02 
102 613 1.600933e-02 4.579202e-02 1.279780e-02 1.279780e-02 4.579202e-02 
103 619 1.565511e-02 4.722838e-02 1.148434e-02 1.148434e-02 4.722838e-02 
104 625 1.745296e-02 4.944126e-02 1.152807e-02 1.152807e-02 4.944126e-02 
105 631 1.513212e-02 4.805441e-02 1.069622e-02 1.069622e-02 4.805441e-02 
106 637 1.433527e-02 4.551886e-02 1.042015e-02 1.042015e-02 4.551886e-02 
107 643 1.237978e-02 4.078816e-02 9.765269e-03 9.765269e-03 4.078816e-02 
108 649 1.100965e-02 3.870478e-02 9.804982e-03 9.804982e-03 3.870478e-02 
109 655 1.280085e-02 3.840648e-02 1.073771e-02 1.073771e-02 3.840648e-02 
110 661 1.515299e-02 4.026538e-02 1.076255e-02 1.076255e-02 4.026538e-02 
111 667 1.527085e-02 3.801374e-02 1.180975e-02 1.180975e-02 3.801374e-02 
112 673 1.238166e-02 3.494895e-02 1.073631e-02 1.073631e-02 3.494895e-02 
113 679 1.696447e-02 3.306383e-02 1.405579e-02 1.405579e-02 3.306383e-02 
114 685 1.715354e-02 3.224382e-02 1.274443e-02 1.274443e-02 3.224382e-02 
115 691 1.769726e-02 2.914727e-02 1.326771e-02 1.326771e-02 2.914727e-02 
116 697 1.762810e-02 2.593537e-02 1.371630e-02 1.371630e-02 2.593537e-02 
117 703 2.318336e-02 2.454348e-02 1.642744e-02 1.642744e-02 2.454348e-02 
118 709 4.281311e-02 2.401074e-02 1.808850e-02 1.808850e-02 2.401074e-02 
119 715 4.208343e-02 2.466711e-02 1.689706e-02 1.689706e-02 2.466711e-02 
120 721 3.323488e-02 2.270215e-02 1.587876e-02 1.587876e-02 2.270215e-02 
121 727 3.387370e-02 2.402651e-02 1.477224e-02 1.477224e-02 2.402651e-02 
122 733 3.320317e-02 2.342739e-02 1.425899e-02 1.425899e-02 2.342739e-02 
123 739 3.806829e-02 2.269014e-02 1.666002e-02 1.666002e-02 2.269014e-02 
124 745 4.887542e-02 2.566802e-02 1.627088e-02 1.627088e-02 2.566802e-02 
125 751 5.763718e-02 2.330915e-02 1.869383e-02 1.869383e-02 2.330915e-02 
126 757 6.761212e-02 2.714532e-02 1.691432e-02 1.691432e-02 2.714532e-02 
127 763 5.380116e-02 2.446790e-02 1.523954e-02 1.523954e-02 2.446790e-02 
128 769 4.379980e-02 2.191557e-02 1.388479e-02 1.388479e-02 2.191557e-02 
129 775 3.831034e-02 2.070469e-02 1.304459e-02 1.304459e-02 2.070469e-02 
130 781 3.194329e-02 1.952291e-02 1.172426e-02 1.172426e-02 1.952291e-02 
131 787 3.485992e-02 2.158710e-02 1.073517e-02 1.073517e-02 2.158710e-02 
132 793 4.010624e-02 2.387241e-02 9.630868e-03 9.630868e-03 2.387241e-02 
133 799 3.791248e-02 2.184268e-02 9.528627e-03 9.528627e-03 2.184268e-02 
134 805 3.398279e-02 2.147609e-02 8.523958e-03 8.523958e-03 2.147609e-02 
135 811 3.425486e-02 2.062596e-02 8.284587e-03 8.284587e-03 2.062596e-02 
136 817 3.454943e-02 1.938581e-02 8.163153e-03 8.163153e-03 1.938581e-02 
137 823 5.889731e-02 2.066096e-02 8.192426e-03 8.192426e-03 2.066096e-02 
138 829 9.463490e-02 2.019912e-02 8.874264e-03 8.874264e-03 2.019912e-02 
139 835 1.079553e-01 1.924044e-02 9.810832e-03 9.810832e-03 1.924044e-02 
140 841 7.829318e-02 1.747622e-02 8.960590e-03 8.960590e-03 1.747622e-02 
141 847 8.245618e-02 1.817015e-02 8.319129e-03 8.319129e-03 1.817015e-02 
142 853 1.024776e-01 2.154919e-02 7.451465e-03 7.451465e-03 2.154919e-02 
143 859 8.248672e-02 1.993157e-02 6.835867e-03 6.835867e-03 1.993157e-02 
144 865 9.722022e-02 1.854109e-02 7.801929e-03 7.801929e-03 1.854109e-02 
145 871 1.191070e-01 1.680727e-02 8.911893e-03 8.911893e-03 1.680727e-02 
146 877 1.343652e-01 1.569857e-02 9.224937e-03 9.224937e-03 1.569857e-02 
147 883 1.192159e-01 1.481900e-02 8.296317e-03 8.296317e-03 1.481900e-02 
148 889 1.629538e-01 1.866272e-02 8.175812e-03 8.175812e-03 1.866272e-02 
149 895 1.708137e-01 2.115213e-02 7.571036e-03 7.571036e-03 2.115213e-02 
150 901 1.519605e-01 1.979858e-02 7.224194e-03 7.224194e-03 1.979858e-02 
151 907 1.352486e-01 1.824485e-02 6.886631e-03 6.886631e-03 1.824485e-02 
152 913 1.304380e-01 1.665211e-02 6.806449e-03 6.806449e-03 1.665211e-02 
153 919 1.229118e-01 1.609463e-02 6.470403e-03 6.470403e-03 1.609463e-02 
154 925 1.144761e-01 1.467719e-02 6.410160e-03 6.410160e-03 1.467719e-02 
155 931 1.352251e-01 1.346129e-02 7.982659e-03 7.982659e-03 1.346129e-02 
156 937 1.295312e-01 1.342238e-02 8.392016e-03 8.392016e-03 1.342238e-02 
157 943 1.180686e-01 1.405383e-02 7.739071e-03 7.739071e-03 1.405383e-02 
158 949 1.588864e-01 1.414516e-02 9.267091e-03 9.267091e-03 1.414516e-02 
159 955 1.634831e-01 1.442195e-02 8.424414e-03 8.424414e-03 1.442195e-02 
160 961 1.245483e-01 1.321668e-02 7.622831e-03 7.622831e-03 1.321668e-02 
161 967 1.055328e-01 1.295617e-02 6.921584e-03 6.921584e-03 1.295617e-02 
162 973 1.217493e-01 1.472828e-02 6.317919e-03 6.317919e-03 1.472828e-02 
163 979 1.265682e-01 1.535481e-02 5.668288e-03 5.668288e-03 1.535481e-02 
164 985 1.514575e-01 1.690402e-02 5.404318e-03 5.404318e-03 1.690402e-02 
165 991 1.433183e-01 1.619231e-02 4.906740e-03 4.906740e-03 1.619231e-02 
166 997 1.341652e-01 1.517239e-02 4.682832e-03 4.682832e-03 1.517239e-02 
167 1003 1.415192e-01 1.421947e-02 5.176447e-03 5.176447e-03 1.421947e-02 
168 1009 1.689870e-01 1.632857e-02 4.930669e-03 4.930669e-03 1.632857e-02 
169 1015 1.423903e-01 1.458150e-02 4.667625e-03 4.667625e-03 1.458150e-02 
170 1021 2.036716e-01 1.518473e-02 5.594376e-03 5.594376e-03 1.518473e-02 
171 1027 1.585509e-01 1.369837e-02 5.003435e-03 5.003435e-03 1.369837e-02 
172 1033 1.558356e-01 1.445645e-02 4.475204e-03 4.475204e-03 1.445645e-02 
173 1039 1.503172e-01 1.446633e-02 3.982435e-03 3.982435e-03 1.446633e-02 
174 1045 1.401515e-01 1.305556e-02 4.021039e-03 4.021039e-03 1.305556e-02 
175 1051 1.188137e-01 1.177468e-02 3.807681e-03 3.807681e-03 1.177468e-02 
176 1057 9.417952e-02 1.071229e-02 3.440788e-03 3.440788e-03 1.071229e-02 
177 1063 6.655644e-02 9.509777e-03 3.054800e-03 3.054800e-03 9.509777e-03 
178 1069 4.841743e-02 8.495685e-03 2.716184e-03 2.716184e-03 8.495685e-03 
179 1075 5.479090e-02 7.541259e-03 3.189926e-03 3.189926e-03 7.541259e-03 
180 1081 5.995961e-02 8.675341e-03 3.033892e-03 3.033892e-03 8.675341e-03 
181 1087 6.632602e-02 7.978420e-03 3.325325e-03 3.325325e-03 7.978420e-03 
182 1093 6.251789e-02 7.906274e-03 2.993053e-03 2.993053e-03 7.906274e-03 
183 1099 5.580522e-02 7.616245e-03 2.722938e-03 2.722938e-03 7.616245e-03 
184 1105 4.613242e-02 7.264169e-03 2.617992e-03 2.617992e-03 7.264169e-03 
185 1111 4.075810e-02 6.946873e-03 2.390129e-03 2.390129e-03 6.946873e-03 
186 1117 3.514335e-02 6.272521e-03 2.243449e-03 2.243449e-03 6.272521e-03 
187 1123 3.503478e-02 6.567125e-03 1.994100e-03 1.994100e-03 6.567125e-03 
188 1129 5.884615e-02 7.134905e-03 2.005852e-03 2.005852e-03 7.134905e-03 
189 1135 5.840114e-02 6.572906e-03 1.824331e-03 1.824331e-03 6.572906e-03 
190 1141 6.752941e-02 8.566033e-03 1.734260e-03 1.734260e-03 8.566033e-03 
191 1147 7.552716e-02 8.901854e-03 1.628160e-03 1.628160e-03 8.901854e-03 
192 1153 6.532159e-02 8.680604e-03 1.454876e-03 1.454876e-03 8.680604e-03 
193 1159 7.102909e-02 9.828594e-03 1.352504e-03 1.352504e-03 9.828594e-03 
194 1165 7.258958e-02 8.916192e-03 1.390889e-03 1.390889e-03 8.916192e-03 
195 1171 7.133541e-02 8.209256e-03 1.382386e-03 1.382386e-03 8.209256e-03 
196 1177 9.174118e-02 1.060492e-02 1.249614e-03 1.249614e-03 1.060492e-02 
197 1183 9.398425e-02 9.907836e-03 1.306546e-03 1.306546e-03 9.907836e-03 
198 1189 9.895179e-02 8.808082e-03 1.372688e-03 1.372688e-03 8.808082e-03 
199 1195 9.410446e-02 8.779953e-03 1.321696e-03 1.321696e-03 8.779953e-03 
200 1201 9.938640e-02 9.359553e-03 1.177143e-03 1.177143e-03 9.359553e-03 
201 1207 1.213328e-01 1.073051e-02 1.106683e-03 1.106683e-03 1.073051e-02 
202 1213 1.535837e-01 1.197762e-02 1.036983e-03 1.036983e-03 1.197762e-02 
203 1219 2.064634e-01 1.080672e-02 1.338766e-03 1.338766e-03 1.080672e-02 
